     Name  Current Price  Daily Low  Daily High  52 Week High  52 Week Low  5 Day Price Return  Month Price Return  Market Cap (Billions)
0   SRTTY           6.39     6.6413       6.390       5604.00     3230.000             -6.7331             -2.8790            1510.886400
1   ITOCY          87.40    88.3300      87.370       8245.00     5884.000             -5.9130             -6.9609            9831.175000
2     BWA          30.02    30.4800      29.330         38.22       29.340             -3.6585             -5.8934               6.538033
3    INSP         182.15   179.9800     186.980        257.40      123.000             -5.1006             -5.8656               5.504173
4     TPG          62.87    62.7300      64.560         72.98       39.180             -5.1896             -5.1896              22.945530
5    JBGS          15.09    14.9300      15.105         18.83       13.645             -2.5790             -2.5790               1.276459
6   RWNFF          30.53    30.5300      30.530         36.35       27.760             -3.3075             -4.1165              21.824300
7   TOPPY          14.20    12.2300      14.200       4784.00     3376.000             -3.4064             -7.1658            1207.152800
8    VKTX          32.56    30.8000      32.880         99.41       23.110             -3.9389             -3.9389               3.656228
9    GMED          87.62    87.0900      89.390         94.86       49.350             -5.3678             -5.5004              11.975917
10   BTSG          22.11    21.8500      22.660         24.82        7.850             -6.7243             -6.2500               3.849935
11  HEGIY          14.00    14.0000      14.630         29.30       19.860             -3.2538              2.5287              25.450445